64 30 8 34 4.42623666667 -75.1876411667
64 30 8 33 4.42623666667 -75.1876411667
64 30 8 33 4.42623666667 -75.1876411667
64 30 8 34 4.42623666667 -75.1876411667
64 30 9 33 4.42623666667 -75.1876411667
64 30 8 34 4.42623666667 -75.1876411667
64 30 8 33 4.42623666667 -75.1876411667
64 30 8 33 4.42623666667 -75.1876411667
64 30 8 33 4.42623666667 -75.1876411667
64 30 8 34 4.42623666667 -75.1876411667
64 30 9 33 4.426235 -75.1876408333
64 30 9 33 4.426235 -75.1876408333
64 30 9 34 4.426235 -75.1876408333
64 30 9 33 4.426235 -75.1876408333
64 30 8 34 4.426235 -75.1876408333
64 30 9 34 4.426235 -75.1876408333
64 30 8 34 4.426235 -75.1876408333
64 30 9 34 4.426235 -75.1876408333
64 30 8 33 4.426235 -75.1876408333
64 30 9 34 4.426235 -75.1876408333
64 30 9 34 4.4262325 -75.18764
64 30 8 34 4.4262325 -75.18764
64 30 8 33 4.4262325 -75.18764
64 30 8 33 4.4262325 -75.18764
64 30 9 34 4.4262325 -75.18764
64 30 9 34 4.4262325 -75.18764
64 30 9 34 4.4262325 -75.18764
64 30 8 34 4.4262325 -75.18764
64 30 8 33 4.4262325 -75.18764
64 30 9 33 4.4262325 -75.18764
64 30 8 33 4.42623116667 -75.1876398333
64 30 8 34 4.42623116667 -75.1876398333
64 30 8 34 4.42623116667 -75.1876398333
64 30 8 34 4.42623116667 -75.1876398333
64 30 8 34 4.42623116667 -75.1876398333
64 30 8 34 4.42623116667 -75.1876398333
64 30 9 34 4.42623116667 -75.1876398333
64 30 8 33 4.42623116667 -75.1876398333
64 30 8 33 4.42623116667 -75.1876398333
64 30 8 34 4.42623116667 -75.1876398333
64 30 8 34 4.42623233333 -75.1876413333
64 30 9 33 4.42623233333 -75.1876413333
64 30 9 34 4.42623233333 -75.1876413333
64 30 9 34 4.42623233333 -75.1876413333
64 30 9 33 4.42623233333 -75.1876413333
64 30 9 34 4.42623233333 -75.1876413333
64 30 8 34 4.42623233333 -75.1876413333
64 30 8 33 4.42623233333 -75.1876413333
64 30 9 34 4.42623233333 -75.1876413333
64 30 9 34 4.42623233333 -75.1876413333
64 30 9 34 4.42623283333 -75.1876421667
64 30 8 33 4.42623283333 -75.1876421667
64 30 8 33 4.42623283333 -75.1876421667
63 30 8 32 0 -75.1876551667
63 30 8 33 4.42624433333 -75.1876551667
63 30 9 32 4.42624433333 -75.1876551667
63 30 8 33 4.42624433333 -75.1876551667
63 30 8 33 4.42624433333 -75.1876551667
63 30 9 32 4.42624433333 -75.1876551667
63 30 8 33 4.4262455 -75.187656
63 30 9 32 4.4262455 -75.187656
63 30 9 32 4.4262455 -75.187656
63 30 9 32 4.4262455 -75.187656
63 30 9 33 4.4262455 -75.187656
63 30 8 33 4.4262455 -75.187656
63 30 8 32 4.4262455 -75.187656
64 31 8 33 4.42624666667 -75.1876561667
64 31 8 32 4.42624666667 -75.1876561667
64 31 9 33 4.42624666667 -75.1876561667
64 31 8 33 4.42622216667 -75.1876585
64 31 8 33 4.42622216667 -75.1876585
64 31 8 33 4.42622216667 -75.1876585
64 31 8 32 4.42622216667 -75.1876585
64 31 8 33 4.42622216667 -75.1876585
64 31 8 32 4.42622216667 -75.1876585
64 31 9 33 4.42622216667 -75.1876585
64 31 8 32 4.42622216667 -75.1876585
64 31 9 33 4.42622216667 -75.1876585
64 31 9 32 4.42622216667 -75.1876585
64 31 9 32 4.42622066667 -75.1876611667
64 31 9 33 4.42622066667 -75.1876611667
64 31 8 33 4.42622066667 -75.1876611667
64 31 8 33 4.42622066667 -75.1876611667
64 31 8 32 4.42622066667 -75.1876611667
64 31 9 32 4.42622066667 -75.1876611667
64 31 8 33 4.42622066667 -75.1876611667
64 31 8 33 4.42622066667 -75.1876611667
64 31 8 32 4.42622066667 -75.1876611667
64 31 8 32 4.42622066667 -75.1876611667
64 31 8 32 4.42621866667 -75.1876628333
64 31 8 32 4.42621866667 -75.1876628333
64 31 8 32 4.42621866667 -75.1876628333
64 31 8 33 4.42621866667 -75.1876628333
64 31 8 32 4.42621866667 -75.1876628333
64 31 8 33 4.42621866667 -75.1876628333
64 31 8 32 4.42621866667 -75.1876628333
64 31 9 32 4.42621866667 -75.1876628333
64 31 9 33 4.42621866667 -75.1876628333
64 31 9 33 4.42621866667 -75.1876628333
64 31 8 33 4.426218 -75.1876618333
64 31 8 33 4.426218 -75.1876618333
64 31 9 32 4.426218 -75.1876618333
64 31 9 33 4.426218 -75.1876618333
64 31 9 32 4.426218 -75.1876618333
64 31 8 32 4.426218 -75.1876618333
64 31 9 32 4.426218 -75.1876618333
64 31 9 33 4.426218 -75.1876618333
64 31 9 32 4.426218 -75.1876618333
64 31 8 33 4.426218 -75.1876618333
64 31 8 32 4.426216 -75.1876593333
64 31 8 32 4.426216 -75.1876593333
64 31 8 33 4.426216 -75.1876593333
64 31 9 32 4.426216 -75.1876593333
64 31 9 33 4.426216 -75.1876593333
64 31 8 32 4.426216 -75.1876593333
64 31 9 32 4.426216 -75.1876593333
64 31 9 33 4.426216 -75.1876593333
64 31 8 32 4.426216 -75.1876593333
64 31 8 32 4.426216 -75.1876593333
64 31 8 33 4.42621483333 -75.1876593333
64 31 9 32 4.42621483333 -75.1876593333
64 31 8 33 4.42621483333 -75.1876593333
64 31 8 32 4.42621483333 -75.1876593333
64 31 9 32 4.42621483333 -75.1876593333
64 31 8 32 4.42621483333 -75.1876593333
64 31 8 33 4.42621483333 -75.1876593333
64 31 9 32 4.42621483333 -75.1876593333
64 31 8 32 4.42621483333 -75.1876593333
64 31 8 32 4.42621483333 -75.1876593333
64 31 8 32 4.42621316667 -75.18766
64 31 8 32 4.42621316667 -75.18766
64 31 9 32 4.42621316667 -75.18766
64 31 9 32 4.42621316667 -75.18766
64 31 8 32 4.42621316667 -75.18766
64 31 8 32 4.42621316667 -75.18766
64 31 8 32 4.42621316667 -75.18766
64 31 9 33 4.42621316667 -75.18766
64 31 9 32 4.42621316667 -75.18766
64 31 8 33 4.42620983333 -75.1876253333
64 31 9 32 4.42620983333 -75.1876253333
64 31 9 33 4.42620983333 -75.1876253333
64 31 8 33 4.42620983333 -75.1876253333
64 31 8 33 4.42620983333 -75.1876253333
64 31 8 32 4.42620983333 -75.1876253333
64 31 8 32 4.42620983333 -75.1876253333
64 31 9 32 4.42620983333 -75.1876253333
64 31 8 32 4.42620983333 -75.1876253333
64 31 9 32 4.42620983333 -75.1876253333
64 31 8 33 4.42620966667 -75.1876261667
64 31 8 32 4.42620966667 -75.1876261667
64 31 9 33 4.42620966667 -75.1876261667
64 31 8 32 4.42620966667 -75.1876261667
64 31 9 32 4.42620966667 -75.1876261667
63 30 8 32 4.42620966667 -75.1876261667
63 30 8 33 4.42620966667 -75.1876261667
63 30 8 32 4.42620966667 -75.1876261667
63 30 8 32 4.42620966667 -75.1876261667
63 30 8 32 4.42620966667 -75.1876261667
63 30 9 32 4.426209 -75.1876265
63 30 9 33 4.426209 -75.1876265
63 30 9 32 4.426209 -75.1876265
63 30 8 33 4.426209 -75.1876265
63 30 8 32 4.426209 -75.1876265
63 30 8 32 4.426209 -75.1876265
63 30 8 32 4.426209 -75.1876265
63 30 8 32 4.426209 -75.1876265
63 30 8 33 4.426209 -75.1876265
63 30 8 32 4.426209 -75.1876265
63 30 8 32 4.42620783333 -75.1876295
63 30 9 32 4.42620783333 -75.1876295
63 30 9 33 4.42620783333 -75.1876295
63 30 8 32 4.42620783333 -75.1876295
63 30 8 32 4.42620783333 -75.1876295
63 30 8 33 4.42620783333 -75.1876295
63 30 9 32 4.42620783333 -75.1876295
63 30 8 32 4.42620783333 -75.1876295
63 30 9 32 4.42620783333 -75.1876295
62 30 8 32 4.42620783333 -75.1876295
62 30 8 31 4.426207 -75.1876323333
62 30 8 31 4.426207 -75.1876323333
62 30 866 2 4.426207 -75.1876323333
62 30 8 32 4.426207 -75.1876323333
62 30 8 32 4.426207 -75.1876323333
62 30 8 32 4.426207 -75.1876323333
62 30 8 31 4.426207 -75.1876323333
62 30 8 31 4.426207 -75.1876323333
62 30 8 325 4.426207 -75.1876323333
62 30 8 32 4.426207 -75.1876323333
62 30 8 32 4.42620716667 -75.1876318333
62 30 8 32 4.42620716667 -75.1876318333
62 30 8 31 4.42620716667 -75.1876318333
62 30 8 31 4.42620716667 -75.1876318333
62 30 8 32 4.42620716667 -75.1876318333
62 30 8 33 4.42620716667 -75.1876318333
62 30 8 32 4.42620716667 -75.1876318333
62 30 8 31 4.42620716667 -75.1876318333
62 30 8 33 4.42620716667 -75.1876318333
62 30 8 32 4.42620716667 -75.1876318333
62 30 8 32 4.4262075 -75.18763
62 30 8 32 4.4262075 -75.18763
62 30 8 32 4.4262075 -75.18763
62 30 8 32 4.4262075 -75.18763
62 30 8 32 4.4262075 -75.18763
63 31 8 32 4.4262075 -75.18763
63 31 8 32 4.4262075 -75.18763
63 31 8 32 4.4262075 -75.18763
63 31 8 33 4.4262075 -75.18763
63 31 8 32 4.42622466667 -75.1876271667
63 31 8 32 4.42622466667 -75.1876271667
63 31 8 32 4.42622466667 -75.1876271667
63 31 8 32 4.42622466667 -75.1876271667
63 31 8 32 4.42622466667 -75.1876271667
63 31 8 32 4.42622466667 -75.1876271667
63 31 8 33 4.42622466667 -75.1876271667
63 31 8 32 4.42622466667 -75.1876271667
63 31 8 31 4.42622466667 -75.1876271667
63 31 8 31 4.42622466667 -75.1876271667
63 31 8 33 4.42622483333 -75.1876291667
63 31 8 32 4.42622483333 -75.1876291667
63 31 8 32 4.42622483333 -75.1876291667
63 31 8 31 4.42622483333 -75.1876291667
63 31 8 31 4.42622483333 -75.1876291667
63 31 8 33 4.42622483333 -75.1876291667
63 31 8 31 4.42622483333 -75.1876291667
63 31 8 32 4.42622483333 -75.1876291667
63 31 8 33 4.42622483333 -75.1876291667
63 31 8 32 4.42622483333 -75.1876291667
63 31 8 32 4.42622666667 -75.1876301667
63 31 8 32 4.42622666667 -75.1876301667
63 31 8 31 4.42622666667 -75.1876301667
63 31 8 32 4.42622666667 -75.1876301667
63 31 8 32 4.42622666667 -75.1876301667
63 31 8 32 4.42622666667 -75.1876301667
63 31 8 33 4.42622666667 -75.1876301667
63 31 8 32 4.42622666667 -75.1876301667
63 31 8 33 4.42622666667 -75.1876301667
63 31 8 32 4.42622666667 -75.1876301667
63 31 8 32 4.4262275 -75.18763
63 31 8 31 4.4262275 -75.18763
63 31 8 32 4.4262275 -75.18763
63 31 8 31 4.4262275 -75.18763
63 31 8 31 4.4262275 -75.18763
63 31 8 31 4.4262275 -75.18763
63 31 8 32 4.4262275 -75.18763
63 31 8 33 4.4262275 -75.18763
63 31 8 33 4.4262275 -75.18763
63 31 8 32 4.4262275 -75.18763
63 31 8 32 4.42622933333 -75.1876243333
63 31 8 32 4.42622933333 -75.1876243333
63 31 8 31 4.42622933333 -75.1876243333
63 31 8 31 4.42622933333 -75.1876243333
63 31 8 32 4.42622933333 -75.1876243333
63 31 8 32 4.42622933333 -75.1876243333
63 31 8 33 4.42622933333 -75.1876243333
63 31 8 32 4.42622933333 -75.1876243333
63 31 8 32 4.42622933333 -75.1876243333
63 31 8 32 4.42622933333 -75.1876243333
63 31 8 32 4.42623116667 -75.1876205
63 31 8 31 4.42623116667 -75.1876205
63 31 8 31 4.42623116667 -75.1876205
63 31 8 32 4.42623116667 -75.1876205
63 31 8 32 4.42623116667 -75.1876205
63 31 8 31 4.42623116667 -75.1876205
63 31 8 32 4.42623116667 -75.1876205
63 31 8 32 4.42623116667 -75.1876205
63 31 8 32 4.42623116667 -75.1876205
63 31 8 33 4.42623116667 -75.1876205
63 31 8 32 4.42623033333 -75.1876181667
63 31 8 32 4.42623033333 -75.1876181667
63 31 8 31 4.42623033333 -75.1876181667
63 31 8 33 4.42623033333 -75.1876181667
63 31 8 32 4.42623033333 -75.1876181667
63 31 8 32 4.42623033333 -75.1876181667
63 31 8 32 4.42623033333 -75.1876181667
63 31 8 33 4.42623033333 -75.1876181667
63 31 8 32 4.42623033333 -75.1876181667
63 31 8 32 4.42623033333 -75.1876181667
63 31 8 32 4.42623033333 -75.1876181667
63 31 8 32 4.42621633333 -75.1876106667
63 31 8 32 4.42621633333 -75.1876106667
63 31 8 32 4.42621633333 -75.1876106667
63 31 8 32 4.42621633333 -75.1876106667
63 31 8 32 4.42621633333 -75.1876106667
63 31 8 32 4.42621633333 -75.1876106667
63 31 8 32 4.42621633333 -75.1876106667
63 31 8 31 4.42621633333 -75.1876106667
63 31 8 31 4.42621633333 -75.1876106667
63 31 8 33 4.42621633333 -75.1876106667
63 31 8 32 4.4262145 -75.187609
63 31 8 32 4.4262145 -75.187609
62 31 8 32 4.4262145 -75.187609
62 31 8 33 4.4262145 -75.187609
62 31 8 32 4.4262145 -75.187609
62 31 8 32 4.4262145 -75.187609
62 31 8 32 4.4262145 -75.187609
62 31 9 31 4.4262145 -75.187609
62 31 8 31 4.4262145 -75.187609
62 31 8 31 4.4262145 -75.187609
62 31 8 33 4.426213 -75.1876066667
62 31 8 32 4.426213 -75.1876066667
62 31 8 31 4.426213 -75.1876066667
62 31 8 32 4.426213 -75.1876066667
62 31 8 32 4.426213 -75.1876066667
62 31 8 32 4.426213 -75.1876066667
62 31 8 32 4.426213 -75.1876066667
62 31 8 32 4.426213 -75.1876066667
62 31 8 32 4.426213 -75.1876066667
62 31 8 32 4.426213 -75.1876066667
62 31 8 32 4.426212 -75.1876028333
62 31 8 32 4.426212 -75.1876028333
62 31 8 32 4.426212 -75.1876028333
62 31 8 33 4.426212 -75.1876028333
62 31 8 32 4.426212 -75.1876028333
62 31 8 32 4.426212 -75.1876028333
62 31 8 32 4.426212 -75.1876028333
62 31 8 32 4.426212 -75.1876028333
62 31 8 32 4.426212 -75.1876028333
62 31 8 31 4.426212 -75.1876028333
62 31 8 32 4.42621066667 -75.1876035
62 31 8 33 4.42621066667 -75.1876035
62 31 8 31 4.42621066667 -75.1876035
62 31 8 33 4.42621066667 -75.1876035
62 31 8 32 4.42621066667 -75.1876035
62 31 8 32 4.42621066667 -75.1876035
62 31 8 32 4.42621066667 -75.1876035
62 31 8 32 4.42621066667 -75.1876035
62 31 8 32 4.42621066667 -75.1876035
62 31 8 32 4.42621066667 -75.1876035
62 31 8 32 4.42620783333 -75.1876041667
62 31 8 32 4.42620783333 -75.1876041667
62 31 8 32 4.42620783333 -75.1876041667
62 31 8 33 4.42620783333 -75.1876041667
62 31 8 32 4.42620783333 -75.1876041667
62 31 8 32 4.42620783333 -75.1876041667
62 31 8 32 4.42620783333 -75.1876041667
62 31 8 31 4.42620783333 -75.1876041667
62 31 8 32 4.42620783333 -75.1876041667
62 31 8 32 4.42620783333 -75.1876041667
62 31 8 32 4.4262025 -75.1876025
62 31 8 31 4.4262025 -75.1876025
62 31 8 33 4.4262025 -75.1876025
62 31 8 32 4.4262025 -75.1876025
62 31 8 33 4.4262025 -75.1876025
62 31 8 32 4.4262025 -75.1876025
62 31 8 32 4.4262025 -75.1876025
62 31 8 31 4.4262025 -75.1876025
62 31 8 32 4.4262025 -75.1876025
62 31 8 32 4.4262025 -75.1876025
62 31 8 31 4.4262025 -75.1876025
62 31 8 33 4.42620266667 -75.187665
62 31 8 32 4.42620266667 -75.187665
62 31 8 32 4.42620266667 -75.187665
62 31 8 33 4.42620266667 -75.187665
62 31 8 33 4.42620266667 -75.187665
62 31 8 33 4.42620266667 -75.187665
62 31 8 32 4.42620266667 -75.187665
62 31 8 32 4.42620266667 -75.187665
62 31 8 32 4.42620266667 -75.187665
62 31 8 32 4.42620266667 -75.187665
62 31 8 32 4.42620333333 -75.1876616667
62 31 8 33 4.42620333333 -75.1876616667
62 31 8 31 4.42620333333 -75.1876616667
62 31 8 33 4.42620333333 -75.1876616667
62 31 8 31 4.42620333333 -75.1876616667
62 31 8 32 4.42620333333 -75.1876616667
62 31 8 32 4.42620333333 -75.1876616667
62 31 8 32 4.42620333333 -75.1876616667
62 31 8 32 4.42620333333 -75.1876616667
62 31 8 32 4.42620333333 -75.1876616667
62 31 8 32 4.42620416667 -75.187662
62 31 8 32 4.42620416667 -75.187662
62 31 8 32 4.42620416667 -75.187662
62 31 8 32 4.42620416667 -75.187662
62 3163 3 9 4.42620416667 -75.187662
63 31 9 31 4.42620416667 -75.187662
63 31 8 32 4.42620416667 -75.187662
63 31 9 32 4.42620416667 -75.187662
63 31 8 32 4.42620416667 -75.187662
63 31 8 32 4.42620416667 -75.187662
63 31 9 31 4.42620616667 -75.1876536667
63 31 9 31 4.42620616667 -75.1876536667
63 31 8 32 4.42620616667 -75.1876536667
63 31 9 32 4.42620616667 -75.1876536667
63 31 9 32 4.42620616667 -75.1876536667
63 31 8 32 4.42620616667 -75.1876536667
63 31 8 31 4.42620616667 -75.1876536667
63 31 9 31 4.42620616667 -75.1876536667
63 31 8 32 4.42620616667 -75.1876536667
63 31 8 32 4.42620616667 -75.1876536667
63 31 8 32 4.42620733333 -75.1876506667
63 31 8 32 4.42620733333 -75.1876506667
63 31 9 31 4.42620733333 -75.1876506667
63 31 9 32 4.42620733333 -75.1876506667
63 31 8 32 4.42620733333 -75.1876506667
63 31 9 32 4.42620733333 -75.1876506667
63 31 9 32 4.42620733333 -75.1876506667
63 31 9 32 4.42620733333 -75.1876506667
63 31 9 32 4.42620733333 -75.1876506667
63 31 9 32 4.42620733333 -75.1876506667
63 31 9 31 4.42620983333 -75.1876531667
63 31 8 32 4.42620983333 -75.1876531667
63 31 9 31 4.42620983333 -75.1876531667
63 31 9 32 4.42620983333 -75.1876531667
63 31 9 31 4.42620983333 -75.1876531667
63 31 9 33 4.42620983333 -75.1876531667
63 31 8 32 4.42620983333 -75.1876531667
63 31 8 32 4.42620983333 -75.1876531667
63 31 8 32 4.42620983333 -75.1876531667
63 31 8 33 4.42620983333 -75.1876531667
63 31 9 31 4.42621366667 -75.1876551667
63 31 9 32 4.42621366667 -75.1876551667
63 31 9 32 4.42621366667 -75.1876551667
63 31 8 32 4.42621366667 -75.1876551667
63 31 9 31 4.42621366667 -75.1876551667
63 31 9 31 4.42621366667 -75.1876551667
63 31 9 31 4.42621366667 -75.1876551667
63 31 8 32 4.42621366667 -75.1876551667
63 31 8 32 4.42621366667 -75.1876551667
63 31 9 31 4.42620866667 -75.1876485
63 31 9 32 4.42620866667 -75.1876485
63 31 8 32 4.42620866667 -75.1876485
63 31 9 33 4.42620866667 -75.1876485
63 31 9 32 4.42620866667 -75.1876485
63 31 9 31 4.42620866667 -75.1876485
63 31 9 31 4.42620866667 -75.1876485
63 31 9 32 4.42620866667 -75.1876485
63 31 8 31 4.42620866667 -75.1876485
63 31 9 31 4.42620866667 -75.1876485
63 31 9 32 4.42620516667 -75.1876511667
63 31 9 33 4.42620516667 -75.1876511667
63 31 9 33 4.42620516667 -75.1876511667
63 31 9 33 4.42620516667 -75.1876511667
63 31 9 32 4.42620516667 -75.1876511667
63 31 8 33 4.42620516667 -75.1876511667
63 31 8 32 4.42620516667 -75.1876511667
63 31 9 31 4.42620516667 -75.1876511667
63 31 8 33 4.42620516667 -75.1876511667
63 31 8 32 4.42620516667 -75.1876511667
63 31 8 32 4.42620566667 -75.1876535
63 31 8 32 4.42620566667 -75.1876535
63 31 9 33 4.42620566667 -75.1876535
63 31 9 31 4.42620566667 -75.1876535
63 31 8 32 4.42620566667 -75.1876535
63 31 9 32 4.42620566667 -75.1876535
63 31 8 32 4.42620566667 -75.1876535
63 31 9 31 4.42620566667 -75.1876535
63 31 9 31 4.42620566667 -75.1876535
63 31 9 32 4.42620566667 -75.1876535
63 31 9 31 4.42620883333 -75.1876543333
63 31 8 33 4.42620883333 -75.1876543333
63 31 9 31 4.42620883333 -75.1876543333
63 31 9 32 4.42620883333 -75.1876543333
63 31 8 32 4.42620883333 -75.1876543333
63 31 8 32 4.42620883333 -75.1876543333
63 31 8 32 4.42620883333 -75.1876543333
63 31 8 31 4.42620883333 -75.1876543333
63 31 9 31 4.42620883333 -75.1876543333
63 31 8 32 4.42620883333 -75.1876543333
63 31 8 32 4.4262155 -75.1876571667
63 31 8 32 4.4262155 -75.1876571667
63 31 8 32 4.4262155 -75.1876571667
63 31 8 31 4.4262155 -75.1876571667
63 31 8 32 4.4262155 -75.1876571667
63 31 9 31 4.4262155 -75.1876571667
63 31 8 32 4.4262155 -75.1876571667
63 31 9 31 4.4262155 -75.1876571667
63 31 9 32 4.4262155 -75.1876571667
63 31 9 31 4.4262155 -75.1876571667
63 31 9 31 4.426215 -75.187657
63 31 9 33 4.426215 -75.187657
63 31 9 32 4.426215 -75.187657
63 31 8 32 4.426215 -75.187657
63 31 8 32 4.426215 -75.187657
63 31 8 32 4.426215 -75.187657
63 31 9 31 4.426215 -75.187657
63 31 9 32 4.426215 -75.187657
63 31 9 31 4.426215 -75.187657
63 31 8 32 4.426215 -75.187657
63 31 8 31 4.42621466667 -75.1876565
63 31 9 33 4.42621466667 -75.1876565
63 31 9 31 4.42621466667 -75.1876565
63 31 9 32 4.42621466667 -75.1876565
63 31 8 32 4.42621466667 -75.1876565
63 31 8 32 4.42621466667 -75.1876565
63 31 8 32 4.42621466667 -75.1876565
63 31 9 32 4.42621466667 -75.1876565
63 31 9 31 4.42621466667 -75.1876565
63 31 9 32 4.42621466667 -75.1876565
63 31 8 32 4.42622583333 -75.1876681667
63 31 8 32 4.42622583333 -75.1876681667
63 31 8 32 4.42622583333 -75.1876681667
63 31 9 32 4.42622583333 -75.1876681667
63 31 8 32 4.42622583333 -75.1876681667
63 31 8 33 4.42622583333 -75.1876681667
63 31 9 32 4.42622583333 -75.1876681667
63 31 8 32 4.42622583333 -75.1876681667
63 31 9 31 4.42622583333 -75.1876681667
63 31 8 32 4.42622583333 -75.1876681667
63 31 9 32 4.42622666667 -75.1876681667
63 31 8 32 4.42622666667 -75.1876681667
63 31 9 31 4.42622666667 -75.1876681667
63 31 9 31 4.42622666667 -75.1876681667
63 31 9 32 4.42622666667 -75.1876681667
63 31 8 32 4.42622666667 -75.1876681667
63 31 8 32 4.42622666667 -75.1876681667
63 31 8 31 4.42622666667 -75.1876681667
63 31 8 32 4.42622666667 -75.1876681667
63 31 8 32 4.42622666667 -75.1876681667
63 31 8 33 4.4262235 -75.18767
63 31 9 32 4.4262235 -75.18767
63 31 9 32 4.4262235 -75.18767
63 31 8 33 4.4262235 -75.18767
63 31 8 31 4.4262235 -75.18767
63 31 8 32 4.4262235 -75.18767
63 31 9 32 4.4262235 -75.18767
63 31 9 31 4.4262235 -75.18767
63 31 9 32 4.4262235 -75.18767
63 31 8 32 4.4262235 -75.18767
63 31 8 33 4.42622066667 -75.1876735
63 31 8 32 4.42622066667 -75.1876735
63 31 8 32 4.42622066667 -75.1876735
63 31 9 32 4.42622066667 -75.1876735
63 31 8 32 4.42622066667 -75.1876735
63 31 9 31 4.42622066667 -75.1876735
63 31 8 32 4.42622066667 -75.1876735
63 31 8 31 4.42622066667 -75.1876735
63 31 9 32 4.42622066667 -75.1876735
63 31 8 32 4.42622066667 -75.1876735
63 31 9 32 4.42621633333 -75.1876766667
63 31 9 33 4.42621633333 -75.1876766667
63 31 9 32 4.42621633333 -75.1876766667
63 31 9 33 4.42621633333 -75.1876766667
63 31 9 33 4.42621633333 -75.1876766667
63 31 9 32 4.42621633333 -75.1876766667
63 31 9 33 4.42621633333 -75.1876766667
63 31 8 32 4.42621633333 -75.1876766667
63 31 9 32 4.42621633333 -75.1876766667
63 31 8 32 4.42621633333 -75.1876766667
63 31 8 32 4.42621816667 -75.1876793333
63 31 8 32 4.42621816667 -75.1876793333
63 31 8 31 4.42621816667 -75.1876793333
63 31 9 32 4.42621816667 -75.1876793333
63 31 9 33 4.42621816667 -75.1876793333
63 31 9 33 4.42621816667 -75.1876793333
63 31 8 32 4.42621816667 -75.1876793333
63 31 9 33 4.42621816667 -75.1876793333
63 31 9 32 4.42621816667 -75.1876793333
63 31 9 31 4.42621816667 -75.1876793333
63 31 8 31 4.4262185 -75.1876786667
63 31 9 31 4.4262185 -75.1876786667
63 31 9 32 4.4262185 -75.1876786667
63 31 8 33 4.4262185 -75.1876786667
63 31 8 32 4.4262185 -75.1876786667
63 31 8 32 4.4262185 -75.1876786667
63 31 9 32 4.4262185 -75.1876786667
63 31 9 32 4.4262185 -75.1876786667
63 31 9 32 4.4262185 -75.1876786667
63 31 8 31 4.4262185 -75.1876786667
63 31 9 32 4.42623216667 -75.1876638333
63 31 8 33 4.42623216667 -75.1876638333
63 31 9 32 4.42623216667 -75.1876638333
63 31 9 31 4.42623216667 -75.1876638333
63 31 9 31 4.42623216667 -75.1876638333
63 31 9 31 4.42623216667 -75.1876638333
63 31 8 31 4.42623216667 -75.1876638333
63 31 8 32 4.42623216667 -75.1876638333
63 31 9 33 4.42623216667 -75.1876638333
63 31 8 32 4.42623216667 -75.1876638333
63 31 8 33 4.42622966667 -75.187662
63 31 8 32 4.42622966667 -75.187662
62 31 8 32 4.42622966667 -75.187662
62 31 8 32 4.42622966667 -75.187662
62 31 8 31 4.42622966667 -75.187662
62 31 8 31 4.42622966667 -75.187662
62 31 8 31 4.42622966667 -75.187662
62 31 8 316 4.42622966667 -75.187662
62 31 8 32 4.42622966667 -75.187662
62 31 8 32 4.42622966667 -75.187662
62 31 8 31 4.42623016667 -75.1876623333
62 31 8 31 4.42623016667 -75.1876623333
62 31 8 31 4.42623016667 -75.1876623333
62 31 8 31 4.42623016667 -75.1876623333
62 31 8 31 4.42623016667 -75.1876623333
62 31 8 32 4.42623016667 -75.1876623333
62 31 8 31 4.42623016667 -75.1876623333
62 31 8 32 4.42623016667 -75.1876623333
62 31 8 32 4.42623016667 -75.1876623333
62 31 8 32 4.42623016667 -75.1876623333
62 31 8 32 4.42623 -75.1876653333
62 31 8 32 4.42623 -75.1876653333
62 31 8 32 4.42623 -75.1876653333
62 31 8 31 4.42623 -75.1876653333
62 31 8 32 4.42623 -75.1876653333
62 31 8 32 4.42623 -75.1876653333
62 31 8 31 4.42623 -75.1876653333
62 31 8 32 4.42623 -75.1876653333
62 31 8 32 4.42623 -75.1876653333
62 31 8 31 4.42623 -75.1876653333
62 31 8 32 4.42623016667 -75.1876675
62 31 8 31 4.42623016667 -75.1876675
62 31 8 32 4.42623016667 -75.1876675
62 31 8 31 4.42623016667 -75.1876675
62 31 8 31 4.42623016667 -75.1876675
62 31 8 32 4.42623016667 -75.1876675
62 31 8 32 4.42623016667 -75.1876675
62 31 8 32 4.42623016667 -75.1876675
62 31 8 31 4.42623016667 -75.1876675
62 31 8 32 4.42623016667 -75.1876675
62 31 8 31 4.426228 -75.1876673333
62 31 8 32 4.426228 -75.1876673333
62 31 8 32 4.426228 -75.1876673333
62 31 8 32 4.426228 -75.1876673333
62 31 8 32 4.426228 -75.1876673333
62 31 8 32 4.426228 -75.1876673333
62 31 8 32 4.426228 -75.1876673333
62 31 8 31 4.426228 -75.1876673333
62 31 8 32 4.426228 -75.1876673333
62 31 8 32 4.426228 -75.1876673333
62 31 8 32 4.4262255 -75.187668
62 31 8 32 4.4262255 -75.187668
62 31 8 32 4.4262255 -75.187668
62 31 8 33 4.4262255 -75.187668
62 31 8 31 4.4262255 -75.187668
62 31 8 33 4.4262255 -75.187668
62 31 8 32 4.4262255 -75.187668
62 31 8 32 4.4262255 -75.187668
62 31 8 32 4.4262255 -75.187668
62 31 8 32 4.4262255 -75.187668
62 31 8 31 4.4262245 -75.1876521667
62 31 8 32 4.4262245 -75.1876521667
62 31 8 32 4.4262245 -75.1876521667
62 31 8 32 4.4262245 -75.1876521667
62 31 8 32 4.4262245 -75.1876521667
62 31 8 31 4.4262245 -75.1876521667
62 31 8 32 4.4262245 -75.1876521667
62 31 8 32 4.4262245 -75.1876521667
62 31 8 32 4.4262245 -75.1876521667
62 31 8 32 4.4262245 -75.1876521667
62 31 8 32 4.42622383333 -75.1876515
62 31 8 32 4.42622383333 -75.1876515
62 31 8 32 4.42622383333 -75.1876515
62 31 8 32 4.42622383333 -75.1876515
62 31 8 31 4.42622383333 -75.1876515
62 31 8 32 4.42622383333 -75.1876515
62 31 8 32 4.42622383333 -75.1876515
62 31 8 31 4.42622383333 -75.1876515
62 31 8 32 4.42622383333 -75.1876515
62 31 8 32 4.42622383333 -75.1876515
62 31 8 32 4.42622266667 -75.1876521667
62 31 8 32 4.42622266667 -75.1876521667
62 31 8 31 4.42622266667 -75.1876521667
62 31 8 32 4.42622266667 -75.1876521667
62 31 8 31 4.42622266667 -75.1876521667
62 31 8 32 4.42622266667 -75.1876521667
62 31 8 31 4.42622266667 -75.1876521667
62 31 8 31 4.42622266667 -75.1876521667
62 31 8 31 4.42622266667 -75.1876521667
62 31 8 32 4.42622266667 -75.1876521667
62 31 8 31 4.426222 -75.187652
62 31 8 32 4.426222 -75.187652
62 31 8 31 4.426222 -75.187652
62 31 8 32 4.426222 -75.187652
62 31 8 32 4.426222 -75.187652
62 31 8 32 4.426222 -75.187652
62 31 8 31 4.426222 -75.187652
62 31 8 31 4.426222 -75.187652
62 31 8 32 4.426222 -75.187652
62 31 8 32 4.426222 -75.187652
62 31 8 31 4.42621833333 -75.1876476667
62 31 8 31 4.42621833333 -75.1876476667
62 31 8 32 4.42621833333 -75.1876476667
62 31 8 32 4.42621833333 -75.1876476667
62 31 8 32 4.42621833333 -75.1876476667
62 31 8 32 4.42621833333 -75.1876476667
62 31 8 31 4.42621833333 -75.1876476667
62 31 8 31 4.42621833333 -75.1876476667
62 31 8 32 4.42621833333 -75.1876476667
62 31 8 32 4.42621833333 -75.1876476667
62 31 8 32 4.42621416667 -75.1876428333
62 31 8 32 4.42621416667 -75.1876428333
62 31 8 32 4.42621416667 -75.1876428333
62 31 8 32 4.42621416667 -75.1876428333
62 31 8 32 4.42621416667 -75.1876428333
62 31 8 31 4.42621416667 -75.1876428333
62 31 8 32 4.42621416667 -75.1876428333
62 31 8 32 4.42621416667 -75.1876428333
62 31 8 32 4.42621416667 -75.1876428333
62 31 8 32 4.42621416667 -75.1876428333
62 31 8 32 4.42621166667 -75.1876408333
62 31 8 32 4.42621166667 -75.1876408333
62 31 8 31 4.42621166667 -75.1876408333
62 31 8 32 4.42621166667 -75.1876408333
62 31 8 32 4.42621166667 -75.1876408333
62 31 8 32 4.42621166667 -75.1876408333
62 31 8 32 4.42621166667 -75.1876408333
62 31 8 31 4.42621166667 -75.1876408333
62 31 8 32 4.42621166667 -75.1876408333
62 31 8 32 4.42621166667 -75.1876408333
62 31 8 32 4.42621166667 -75.1876408333
62 31 8 31 4.426204 -75.1876415
62 31 8 32 4.426204 -75.1876415
62 31 8 32 4.426204 -75.1876415
62 31 8 32 4.426204 -75.1876415
62 31 9 32 4.426204 -75.1876415
62 31 8 32 4.426204 -75.1876415
62 31 8 32 4.426204 -75.1876415
62 31 8 32 4.426204 -75.1876415
62 31 8 31 4.426204 -75.1876415
62 31 8 32 4.426204 -75.1876415
62 31 8 32 4.426206 -75.1876421667
62 31 8 31 4.426206 -75.1876421667
62 31 8 32 4.426206 -75.1876421667
62 31 8 31 4.426206 -75.1876421667
62 31 8 31 4.426206 -75.1876421667
62 31 8 31 4.426206 -75.1876421667
62 31 8 32 4.426206 -75.1876421667
62 31 8 32 4.426206 -75.1876421667
62 31 8 32 4.426206 -75.1876421667
62 31 8 32 4.426206 -75.1876421667
62 31 8 31 4.42620583333 -75.1876401667
62 31 8 32 4.42620583333 -75.1876401667
62 31 8 32 4.42620583333 -75.1876401667
62 31 8 31 4.42620583333 -75.1876401667
62 31 8 32 4.42620583333 -75.1876401667
62 31 8 32 4.42620583333 -75.1876401667
62 31 8 32 4.42620583333 -75.1876401667
62 31 8 32 4.42620583333 -75.1876401667
62 31 8 32 4.42620583333 -75.1876401667
62 31 8 32 4.42620583333 -75.1876401667
62 31 8 32 4.426206 -75.1876376667
62 31 8 32 4.426206 -75.1876376667
62 31 8 32 4.426206 -75.1876376667
62 31 8 31 4.426206 -75.1876376667
62 31 8 32 4.426206 -75.1876376667
62 31 8 32 4.426206 -75.1876376667
62 31 8 31 4.426206 -75.1876376667
62 31 8 32 4.426206 -75.1876376667
62 31 8 32 4.426206 -75.1876376667
62 31 8 31 4.426206 -75.1876376667
62 31 8 31 4.42620533333 -75.1876363333
62 31 8 32 4.42620533333 -75.1876363333
62 31 8 33 4.42620533333 -75.1876363333
62 31 8 32 4.42620533333 -75.1876363333
62 31 8 33 4.42620533333 -75.1876363333
62 31 8 31 4.42620533333 -75.1876363333
62 31 8 32 4.42620533333 -75.1876363333
62 31 8 32 4.42620533333 -75.1876363333
62 31 8 32 4.42620533333 -75.1876363333
62 31 8 32 4.42620533333 -75.1876363333
62 31 8 31 4.42620466667 -75.187636
62 31 8 31 4.42620466667 -75.187636
62 31 8 32 4.42620466667 -75.187636
62 31 8 33 4.42620466667 -75.187636
62 31 8 31 4.42620466667 -75.187636
62 31 8 32 4.42620466667 -75.187636
62 31 8 31 4.42620466667 -75.187636
62 31 8 32 4.42620466667 -75.187636
62 31 8 32 4.42620466667 -75.187636
62 31 8 32 4.42620466667 -75.187636
62 31 8 32 4.42620383333 -75.187635
62 31 8 31 4.42620383333 -75.187635
62 31 8 32 4.42620383333 -75.187635
62 31 8 32 4.42620383333 -75.187635
62 31 8 31 4.42620383333 -75.187635
62 31 8 32 4.42620383333 -75.187635
62 31 8 31 4.42620383333 -75.187635
62 31 8 32 4.42620383333 -75.187635
62 31 9 32 4.42620383333 -75.187635
62 31 9 31 4.42620383333 -75.187635
62 31 9 32 4.4261975 -75.1876488333
62 31 9 3 4.4261975 -75.1876488333
62 31 9 32 4.4261975 -75.1876488333
62 31 9 31 4.4261975 -75.1876488333
62 31 9 32 4.4261975 -75.1876488333
62 31 9 31 4.4261975 -75.1876488333
62 31 9 32 4.4261975 -75.1876488333
62 31 9 31 4.4261975 -75.1876488333
62 31 9 31 4.4261975 -75.1876488333
62 31 9 31 4.4261975 -75.1876488333
62 31 9 32 4.4261995 -75.1876513333
62 31 9 31 4.4261995 -75.1876513333
62 31 9 31 4.4261995 -75.1876513333
62 31 9 31 4.4261995 -75.1876513333
62 31 9 32 4.4261995 -75.1876513333
62 31 9 32 4.4261995 -75.1876513333
62 31 9 31 4.4261995 -75.1876513333
62 31 9 31 4.4261995 -75.1876513333
62 31 9 32 4.4261995 -75.1876513333
62 31 9 31 4.4261995 -75.1876513333
62 31 9 31 4.4261995 -75.1876511667
62 31 9 32 4.4261995 -75.1876511667
62 31 9 31 4.4261995 -75.1876511667
62 31 9 32 4.4261995 -75.1876511667
62 31 9 32 4.4261995 -75.1876511667
62 31 9 31 4.4261995 -75.1876511667
62 31 9 31 4.4261995 -75.1876511667
62 31 9 31 4.4261995 -75.1876511667
62 31 9 31 4.4261995 -75.1876511667
62 31 9 31 4.4261995 -75.1876511667
62 31 9 31 4.42619983333 -75.1876513333
62 31 9 32 4.42619983333 -75.1876513333
62 31 9 31 4.42619983333 -75.1876513333
62 31 9 31 4.42619983333 -75.1876513333
62 31 9 32 4.42619983333 -75.1876513333
62 31 9 31 4.42619983333 -75.1876513333
62 31 9 32 4.42619983333 -75.1876513333
62 31 9 32 4.42619983333 -75.1876513333
62 31 9 32 4.42619983333 -75.1876513333
62 31 9 32 4.42619983333 -75.1876513333
62 31 9 31 4.42620216667 -75.1876531667
62 31 9 31 4.42620216667 -75.1876531667
62 31 9 32 4.42620216667 -75.1876531667
62 31 9 31 4.42620216667 -75.1876531667
62 31 9 31 4.42620216667 -75.1876531667
62 31 9 31 4.42620216667 -75.1876531667
62 31 9 31 4.42620216667 -75.1876531667
62 31 9 32 4.42620216667 -75.1876531667
62 31 9 31 4.42620216667 -75.1876531667
62 31 9 31 4.42620216667 -75.1876531667
62 31 9 32 4.426205 -75.1876561667
62 31 9 31 4.426205 -75.1876561667
62 31 9 32 4.426205 -75.1876561667
62 31 9 31 4.426205 -75.1876561667
62 31 9 32 4.426205 -75.1876561667
62 31 9 32 4.426205 -75.1876561667
62 31 9 31 4.426205 -75.1876561667
62 31 9 32 4.426205 -75.1876561667
62 31 9 31 4.426205 -75.1876561667
62 31 9 31 4.426205 -75.1876561667
62 31 8 32 4.4262075 -75.1876583333
62 31 9 32 4.4262075 -75.1876583333
62 31 9 32 4.4262075 -75.1876583333
62 31 9 31 4.4262075 -75.1876583333
62 31 9 31 4.4262075 -75.1876583333
62 31 9 31 4.4262075 -75.1876583333
62 31 9 32 4.4262075 -75.1876583333
62 31 9 32 4.4262075 -75.1876583333
62 31 9 32 4.4262075 -75.1876583333
62 31 9 31 4.4262075 -75.1876583333
62 31 9 31 4.4262575 -75.1876835
62 31 9 32 4.4262575 -75.1876835
62 31 9 32 4.4262575 -75.1876835
62 31 9 31 4.4262575 -75.1876835
62 31 9 31 4.4262575 -75.1876835
62 31 9 31 4.4262575 -75.1876835
62 31 9 32 4.4262575 -75.1876835
62 31 9 31 4.4262575 -75.1876835
62 31 9 32 4.4262575 -75.1876835
62 31 9 31 4.4262575 -75.1876835
62 31 9 31 4.42626 -75.1876845
62 31 9 32 4.42626 -75.1876845
62 31 9 31 4.42626 -75.1876845
62 31 9 31 4.42626 -75.1876845
62 31 9 31 4.42626 -75.1876845
62 31 9 32 4.42626 -75.1876845
62 31 9 32 4.42626 -75.1876845
62 31 9 31 4.42626 -75.1876845
62 31 9 31 4.42626 -75.1876845
62 31 9 31 4.42626 -75.1876845
62 31 9 31 4.426262 -75.1876855
62 31 9 32 4.426262 -75.1876855
62 31 9 31 4.426262 -75.1876855
62 31 9 32 4.426262 -75.1876855
62 31 9 31 4.426262 -75.1876855
62 31 9 32 4.426262 -75.1876855
